
##################. 1   
bbox_v1_t12 = [-0.03, 0.12, -0.067, 0.041, 0.2, 0.0]
bbox_v1_v2 = [-0.03, 0.12, -0.1, 0.041, 0.2, -0.08]
bbox_v2_v1 = [-0.03, 0.12, -0.1, 0.041, 0.2, -0.08]
bbox_v2_v3 = [-0.03, 0.12, -0.15, 0.041, 0.2, -0.12]
bbox_v3_v2 = [-0.03, 0.12, -0.135, 0.041, 0.19, -0.12]
bbox_v3_v4 = [-0.03, 0.12, -0.18, 0.041, 0.19, -0.155]
bbox_v4_v3 = [-0.03, 0.12, -0.17, 0.041, 0.19, -0.151]
bbox_v4_v5 = [-0.03, 0.12, -0.21, 0.041, 0.19, -0.193]
bbox_v5_v4 = [-0.03, 0.12, -0.21, 0.041, 0.192, -0.185]
bbox_v5_s1 = [-0.03, 0.123, -0.24, 0.041, 0.21, -0.22]

bbox_bone_v1_v2 = [-0.03, 0.21, -0.12, 0.041, 0.224, -0.09]
bbox_bone_v2_v1 = [-0.02, 0.21, -0.11, 0.03, 0.23, -0.09]
bbox_bone_v2_v3 = [-0.02, 0.21, -0.17, 0.03, 0.22, -0.12]
bbox_bone_v3_v2 = [-0.02, 0.20, -0.145, 0.03, 0.22, -0.12]
bbox_bone_v3_v4 = [-0.02, 0.19, -0.18, 0.03, 0.215, -0.15]
bbox_bone_v4_v3 = [-0.02, 0.19, -0.18, 0.03, 0.215, -0.15]
bbox_bone_v4_v5 = [-0.02, 0.20, -0.21, 0.03, 0.22, -0.18]
bbox_bone_v5_v4 = [-0.02, 0.195, -0.2, 0.03, 0.22, -0.18]

###################  2
bbox_v1_t12 = [-0.04, 0.17, -0.222, 0.03, 0.22, -0.21]
bbox_v1_v2 = [-0.04, 0.17, -0.25, 0.03, 0.215, -0.232]
bbox_v2_v1 = [-0.04, 0.17, -0.25, 0.03, 0.215, -0.21]
bbox_v2_v3 = [-0.04, 0.17, -0.28, 0.03, 0.215, -0.266]
bbox_v3_v2 = [-0.04, 0.17, -0.282, 0.03, 0.213, -0.266]
bbox_v3_v4 = [-0.04, 0.17, -0.31, 0.03, 0.213, -0.295]
bbox_v4_v3 = [-0.04, 0.17, -0.313, 0.03, 0.213, -0.295]
bbox_v4_v5 = [-0.04, 0.17, -0.34, 0.03, 0.218, -0.327]
bbox_v5_v4 = [-0.023, 0.17, -0.35, 0.026, 0.215, -0.327]
bbox_v5_s1 = [-0.04, 0.19, -0.38, 0.03, 0.22, -0.35]

bbox_bone_v1_v2 = [-0.025, 0.22, -0.26, 0.02, 0.24, -0.238]
bbox_bone_v2_v1 = [-0.03, 0.22, -0.255, 0.02, 0.24, -0.238]
bbox_bone_v2_v3 = [-0.03, 0.22, -0.29, 0.02, 0.24, -0.27]
bbox_bone_v3_v2 = [-0.03, 0.22, -0.28, 0.022, 0.24, -0.26]
bbox_bone_v3_v4 = [-0.028, 0.22, -0.315, 0.022, 0.243, -0.29]
bbox_bone_v4_v3 = [-0.028, 0.22, -0.315, 0.025, 0.243, -0.29]
bbox_bone_v4_v5 = [-0.028, 0.22, -0.35, 0.025, 0.243, -0.32]
bbox_bone_v5_v4 = [-0.028, 0.22, -0.34, 0.025, 0.243, -0.318]

################# 3
bbox_v1_t12 = [-0.04, 0.20, -0.21, 0.03, 0.25, -0.19]
bbox_v1_v2 = [-0.04, 0.20, -0.26, 0.03, 0.238, -0.22]
bbox_v2_v1 = [-0.04, 0.2, -0.24, 0.03, 0.235, -0.22]
bbox_v2_v3 = [-0.04, 0.19, -0.27, 0.03, 0.232, -0.25]
bbox_v3_v2 = [-0.04, 0.19, -0.27, 0.03, 0.23, -0.25]
bbox_v3_v4 = [-0.04, 0.18, -0.3, 0.03, 0.217, -0.286]
bbox_v4_v3 = [-0.04, 0.18, -0.305, 0.03, 0.217, -0.286]
bbox_v4_v5 = [-0.04, 0.17, -0.34, 0.03, 0.218, -0.327]
bbox_v5_v4 = [-0.04, 0.18, -0.34, 0.027, 0.215, -0.33]
bbox_v5_s1 = [-0.04, 0.18, -0.37, 0.027, 0.215, -0.355]

bbox_bone_v1_v2 = [-0.027, 0.245, -0.26, 0.018, 0.26, -0.23]
bbox_bone_v2_v1 = [-0.027, 0.245, -0.255, 0.018, 0.26, -0.23]
bbox_bone_v2_v3 = [-0.027, 0.235, -0.29, 0.018, 0.255, -0.27]
bbox_bone_v3_v2 = [-0.027, 0.235, -0.285, 0.018, 0.255, -0.27]
bbox_bone_v3_v4 = [-0.027, 0.23, -0.31, 0.018, 0.25, -0.29]
bbox_bone_v4_v3 = [-0.027, 0.23, -0.31, 0.028, 0.25, -0.29]
bbox_bone_v4_v5 = [-0.027, 0.218, -0.35, 0.028, 0.237, -0.32]
bbox_bone_v5_v4 = [-0.027, 0.218, -0.34, 0.028, 0.237, -0.32]

################# 4
bbox_v1_t12 = [-0.02, 0.221, -0.055, 0.05, 0.26, -0.04]
bbox_v1_v2 = [-0.02, 0.221, -0.09, 0.05, 0.26, -0.075]
bbox_v2_v1 = [-0.02, 0.219, -0.09, 0.05, 0.255, -0.075]
bbox_v2_v3 = [-0.02, 0.219, -0.12, 0.051, 0.255, -0.11]
bbox_v3_v2 = [-0.02, 0.21, -0.126, 0.05, 0.253, -0.11]
bbox_v3_v4 = [-0.02, 0.21, -0.16, 0.05, 0.253, -0.148]
bbox_v4_v3 = [-0.02, 0.21, -0.165, 0.05, 0.253, -0.15]
bbox_v4_v5 = [-0.02, 0.21, -0.2, 0.05, 0.253, -0.187]
bbox_v5_v4 = [-0.02, 0.21, -0.205, 0.05, 0.253, -0.19]
bbox_v5_s1 = [-0.02, 0.21, -0.24, 0.05, 0.253, -0.226]

bbox_bone_v1_v2 = [-0.02, 0.265, -0.1, 0.05, 0.285, -0.07]
bbox_bone_v2_v1 = [-0.01, 0.265, -0.1, 0.045, 0.285, -0.07]
bbox_bone_v2_v3 = [-0.01, 0.265, -0.14, 0.045, 0.285, -0.115]
bbox_bone_v3_v2 = [-0.01, 0.265, -0.135, 0.045, 0.285, -0.115]
bbox_bone_v3_v4 = [-0.01, 0.265, -0.165, 0.045, 0.285, -0.148]
bbox_bone_v4_v3 = [-0.01, 0.265, -0.167, 0.045, 0.285, -0.148]
bbox_bone_v4_v5 = [-0.01, 0.265, -0.2, 0.045, 0.285, -0.18]
bbox_bone_v5_v4 = [-0.01, 0.265, -0.2, 0.045, 0.285, -0.18]

################# 5
bbox_v1_t12 = [0.068, 0.195, -0.220, 0.078, 0.24, -0.178]
bbox_v1_v2 = [0.026, 0.195, -0.210, 0.055, 0.24, -0.184]
bbox_v2_v1 = [0.035, 0.195, -0.210, 0.055, 0.24, -0.184]
bbox_v2_v3 = [0.001, 0.195, -0.220, 0.025, 0.24, -0.192]
bbox_v3_v2 = [0.001, 0.195, -0.220, 0.025, 0.24, -0.192]
bbox_v3_v4 = [-0.1, 0.19, -0.220, -0.007, 0.24, -0.19]
bbox_v4_v3 = [-0.025, 0.19, -0.220, -0.007, 0.24, -0.19]
bbox_v4_v5 = [-0.11, 0.19, -0.220, -0.042, 0.24, -0.19]
bbox_v5_v4 = [-0.06, 0.19, -0.220, -0.042, 0.24, -0.182]
bbox_v5_s1 = [-0.083, 0.19, -0.210, -0.0715, 0.24, -0.172]

bbox_bone_v1_v2 = [0.02, 0.185, -0.181, 0.05, 0.235, -0.157]
bbox_bone_v2_v1 = [0.03, 0.185, -0.187, 0.05, 0.24, -0.165]
bbox_bone_v2_v3 = [-0.01, 0.185, -0.187, 0.023, 0.24, -0.165]
bbox_bone_v3_v2 = [0, 0.185, -0.190, 0.2, 0.24, -0.165]
bbox_bone_v3_v4 = [-0.025, 0.185, -0.190, -0.005, 0.24, -0.165]
bbox_bone_v4_v3 = [-0.025, 0.185, -0.190, 0.01, 0.24, -0.165]
bbox_bone_v4_v5 = [-0.051, 0.14, -0.170, -0.025, 0.245, -0.155]
bbox_bone_v5_v4 = [-0.051, 0.14, -0.170, 0.0, 0.245, -0.155]

############    6   ###############
bbox_v1_t12 = [-0.026, 0.192, -0.215, 0.047, 0.233, -0.200]
bbox_v1_v2 = [-0.026, 0.192, -0.256, 0.047, 0.233, -0.225]
bbox_v2_v1 = [-0.026, 0.192, -0.242, 0.047, 0.228, -0.225]
bbox_v2_v3 = [-0.026, 0.18, -0.265, 0.047, 0.222, -0.255]
bbox_v3_v2 = [-0.026, 0.18, -0.27, 0.047, 0.222, -0.255]
bbox_v3_v4 = [-0.026, 0.18, -0.3, 0.047, 0.222, -0.284]
bbox_v4_v3 = [-0.015, 0.15, -0.301, 0.047, 0.218, -0.284]
bbox_v4_v5 = [-0.015, 0.15, -0.327, 0.047, 0.218, -0.315]
bbox_v5_v4 = [-0.026, 0.15, -0.327, 0.047, 0.218, -0.31]
bbox_v5_s1 = [-0.03, 0.15, -0.36, 0.047, 0.23, -0.339]

bbox_bone_v1_v2 = [-0.005, 0.233, -0.25, 0.029, 0.26, -0.225]
bbox_bone_v2_v1 = [-0.02, 0.233, -0.25, 0.039, 0.25, -0.225]
bbox_bone_v2_v3 = [-0.02, 0.225, -0.275, 0.039, 0.245, -0.25]
bbox_bone_v3_v2 = [-0.02, 0.225, -0.275, 0.039, 0.245, -0.25]
bbox_bone_v3_v4 = [-0.02, 0.225, -0.305, 0.047, 0.245, -0.28]
bbox_bone_v4_v3 = [-0.02, 0.22, -0.3, 0.047, 0.24, -0.28]
bbox_bone_v4_v5 = [-0.02, 0.22, -0.325, 0.047, 0.24, -0.3]
bbox_bone_v5_v4 = [-0.02, 0.22, -0.325, 0.047, 0.24, -0.3]

###################### 7
bbox_v1_t12 = [-0.037, 0.176, -0.12, 0.034, 0.22, -0.103]
bbox_v1_v2 = [-0.037, 0.176, -0.138, 0.034, 0.214, -0.124]
bbox_v2_v1 = [-0.037, 0.17, -0.145, 0.034, 0.208, -0.125]
bbox_v2_v3 = [-0.037, 0.16, -0.167, 0.034, 0.2, -0.153]
bbox_v3_v2 = [-0.037, 0.16, -0.175, 0.034, 0.197, -0.153]
bbox_v3_v4 = [-0.037, 0.16, -0.195, 0.034, 0.197, -0.184]
bbox_v4_v3 = [-0.037, 0.16, -0.205, 0.034, 0.197, -0.19]
bbox_v4_v5 = [-0.037, 0.16, -0.23, 0.034, 0.197, -0.215]
bbox_v5_v4 = [-0.037, 0.16, -0.23, 0.02, 0.207, -0.215]
bbox_v5_s1 = [-0.037, 0.16, -0.26, 0.02, 0.207, -0.24]

bbox_bone_v1_v2 = [-0.025, 0.215, -0.155, 0.025, 0.24, -0.135]
bbox_bone_v2_v1 = [-0.025, 0.215, -0.155, 0.025, 0.24, -0.135]
bbox_bone_v2_v3 = [-0.025, 0.207, -0.182, 0.025, 0.225, -0.16]
bbox_bone_v3_v2 = [-0.025, 0.2, -0.18, 0.025, 0.22, -0.16]
bbox_bone_v3_v4 = [-0.025, 0.2, -0.2, 0.025, 0.22, -0.18]
bbox_bone_v4_v3 = [-0.037, 0.2, -0.2, 0.03, 0.23, -0.18]
bbox_bone_v4_v5 = [-0.037, 0.2, -0.23, 0.03, 0.23, -0.212]
bbox_bone_v5_v4 = [-0.037, 0.2, -0.225, 0.03, 0.23, -0.205]

############    8   ###############
bbox_v1_t12 = [-0.135, 0.189, -0.26, -0.127, 0.258, -0.219]
bbox_v1_v2 = [-0.109, 0.189, -0.26, -0.09, 0.258, -0.219]
bbox_v2_v1 = [-0.109, 0.189, -0.25, -0.09, 0.258, -0.219]
bbox_v2_v3 = [-0.076, 0.189, -0.25, -0.02, 0.258, -0.215]
bbox_v3_v2 = [-0.076, 0.202, -0.25, -0.061, 0.258, -0.215]
bbox_v3_v4 = [-0.042, 0.202, -0.25, -0.03, 0.258, -0.215]
bbox_v4_v3 = [-0.041, 0.202, -0.247, -0.0265, 0.258, -0.215]
bbox_v4_v5 = [-0.009, 0.195, -0.247, 0.01, 0.258, -0.215]
bbox_v5_v4 = [-0.009, 0.195, -0.247, 0.01, 0.258, -0.215]
bbox_v5_s1 = [0.018, 0.195, -0.27, 0.04, 0.258, -0.215]

bbox_bone_v1_v2 = [-0.11, 0.195, -0.28, -0.088, 0.25, -0.255]
bbox_bone_v2_v1 = [-0.13, 0.195, -0.275, -0.088, 0.25, -0.255]
bbox_bone_v2_v3 = [-0.07, 0.195, -0.275, -0.06, 0.25, -0.25]
bbox_bone_v3_v2 = [-0.08, 0.195, -0.27, -0.06, 0.25, -0.25]
bbox_bone_v3_v4 = [-0.054, 0.19, -0.27, -0.027, 0.24, -0.25]
bbox_bone_v4_v3 = [-0.06, 0.19, -0.27, -0.027, 0.24, -0.25]
bbox_bone_v4_v5 = [-0.02, 0.18, -0.285, 0, 0.24, -0.26]
bbox_bone_v5_v4 = [-0.05, 0.18, -0.285, 0, 0.24, -0.26]

###################### 9 ####################
bbox_v1_t12 = [0.041, 0.175, -0.125, 0.051, 0.249, -0.084]
bbox_v1_v2 = [-0.001, 0.175, -0.125, 0.0195, 0.249, -0.084]
bbox_v2_v1 = [0.007, 0.175, -0.125, 0.0195, 0.249, -0.09]
bbox_v2_v3 = [-0.025, 0.175, -0.125, -0.016, 0.249, -0.09]
bbox_v3_v2 = [-0.028, 0.175, -0.125, -0.02, 0.249, -0.09]
bbox_v3_v4 = [-0.07, 0.175, -0.125, -0.05, 0.249, -0.09]
bbox_v4_v3 = [-0.064, 0.175, -0.125, -0.05, 0.249, -0.09]
bbox_v4_v5 = [-0.1, 0.175, -0.125, -0.086, 0.249, -0.09]
bbox_v5_v4 = [-0.102, 0.175, -0.125, -0.086, 0.249, -0.09]
bbox_v5_s1 = [-0.135, 0.175, -0.125, -0.123, 0.249, -0.09]

bbox_bone_v1_v2 = [0.00, 0.19, -0.085, 0.0195, 0.24, -0.06]
bbox_bone_v2_v1 = [0.00, 0.19, -0.085, 0.0195, 0.24, -0.06]
bbox_bone_v2_v3 = [-0.035, 0.19, -0.09, -0.018, 0.24, -0.065]
bbox_bone_v3_v2 = [-0.035, 0.19, -0.09, -0.02, 0.24, -0.065]
bbox_bone_v3_v4 = [-0.067, 0.19, -0.09, -0.048, 0.249, -0.065]
bbox_bone_v4_v3 = [-0.067, 0.19, -0.09, -0.04, 0.249, -0.065]
bbox_bone_v4_v5 = [-0.102, 0.19, -0.09, -0.08, 0.249, -0.065]
bbox_bone_v5_v4 = [-0.102, 0.19, -0.09, -0.08, 0.249, -0.065]

#########################   10
bbox_v1_t12 = [-0.0239, 0.2275, -0.0591, 0.0629, 0.2764, -0.0442]
bbox_v1_v2 = [-0.0239, 0.2275, -0.08, 0.0629, 0.272, -0.062]
bbox_v2_v1 = [-0.0239, 0.2275, -0.087, 0.0629, 0.266, -0.062]
bbox_v2_v3 = [-0.0239, 0.2265, -0.11, 0.0629, 0.262, -0.09]
bbox_v3_v2 = [-0.0239, 0.2, -0.115, 0.0629, 0.253, -0.09]
bbox_v3_v4 = [-0.0239, 0.2, -0.14, 0.0629, 0.248, -0.122]
bbox_v4_v3 = [-0.0239, 0.2, -0.15, 0.0629, 0.245, -0.122]
bbox_v4_v5 = [-0.0239, 0.2, -0.18, 0.0629, 0.245, -0.16]
bbox_v5_v4 = [-0.0239, 0.19, -0.187, 0.0629, 0.24, -0.16]
bbox_v5_s1 = [-0.0239, 0.19, -0.214, 0.0629, 0.24, -0.195]

bbox_bone_v1_v2 = [0.001, 0.272, -0.1, 0.0529, 0.295, -0.071]
bbox_bone_v2_v1 = [-0.0139, 0.267, -0.1, 0.0529, 0.287, -0.06]
bbox_bone_v2_v3 = [-0.0139, 0.26, -0.125, 0.0529, 0.283, -0.1]
bbox_bone_v3_v2 = [-0.0139, 0.255, -0.125, 0.0529, 0.277, -0.1]
bbox_bone_v3_v4 = [-0.0139, 0.245, -0.154, 0.0529, 0.268, -0.13]
bbox_bone_v4_v3 = [-0.0139, 0.245, -0.154, 0.0529, 0.268, -0.122]
bbox_bone_v4_v5 = [-0.0139, 0.24, -0.187, 0.0529, 0.268, -0.16]
bbox_bone_v5_v4 = [-0.0139, 0.24, -0.187, 0.0529, 0.268, -0.16]
